9.784800000000000164e-01
9.202320000000000499e-01
8.738700000000000356e-01
8.361709999999999976e-01
8.060599999999999987e-01
7.831939999999999458e-01
7.675830000000000153e-01
7.594880000000000519e-01
7.594279999999999919e-01
7.682769999999999877e-01
7.874929999999999986e-01
8.196210000000000440e-01
8.695279999999999676e-01
9.479560000000000208e-01
1.085960000000000036e+00
1.399489999999999901e+00
-2.276909999999999989e+00
1.010129999999999972e+00
1.118279999999999941e+00
8.149030000000000440e-01
3.266909999999999953e-02
7.232469999999999732e-01
9.637599999999999500e-01
1.188290000000000068e+00
6.759650000000000380e-01
1.996599999999999930e+00
2.751630000000000020e+00
2.549199999999999910e+00
5.911239999999999828e-01
-2.493850000000000122e+00
1.140949999999999909e+00
1.299449999999999994e+00
-2.824710000000000054e+00
2.276040000000000063e+00
-4.288359999999999950e-01
1.599520000000000053e+00
1.087709999999999955e+00
1.419669999999999987e+00
8.727549999999999475e-01
1.956870000000000109e+00
1.748189999999999911e+00
2.041459999999999830e+00
4.093060000000000032e-01
-2.574780000000000069e+00
1.261139999999999928e+00
-2.861250000000000071e+00
1.194169999999999954e+00
9.586860000000000381e-01
-9.135159999999999947e-01
1.062829999999999941e+00
